standardized_lender_name,rank_overall,rank_green,rank_change,abs_change
Unspecified Chinese Government Institution,732,140,592,592
People's Bank,718,135,583,583
Government of Norway,720,138,582,582
Ministry of Commerce,714,133,581,581
Hatton National Bank,700,128,572,572
Kasikornbank Public,702,130,572,572
Bank of Jiangsu,698,127,571,571
Caribbean Development Bank,682,120,562,562
Spain Institute of Official Credit,648,110,538,538
PowerChina,676,139,537,537
